rmse: 0.906082658716206
r2: 0.9643601062650229
